0,1,2,3,4,5,alpacacode_llama_7B_llamatokenizer_sharegpt_qy_vic_2000_Tptvicuna_correct,alpacacode_llama_7B_llamatokenizer_sharegpt_qy_vic_2000_Tptvicuna_choiceA_probs,alpacacode_llama_7B_llamatokenizer_sharegpt_qy_vic_2000_Tptvicuna_choiceB_probs,alpacacode_llama_7B_llamatokenizer_sharegpt_qy_vic_2000_Tptvicuna_choiceC_probs,alpacacode_llama_7B_llamatokenizer_sharegpt_qy_vic_2000_Tptvicuna_choiceD_probs
A valid disjunctive syllogism has a major premise that:,includes two or more alternatives,classifies subjects,affirms the antecedent or denies the consequent,leads to a valid conclusion,A,False,0.15125324,0.28257826,0.52792567,0.03824281
Which of the following best describes the fallacy of style over substance?,Changing the meaning of a word or phrase from one part of the argument to another.,Confusing figurative language with literal language.,"Reasoning that ideas presented in an appealing manner are correct, regardless of the content of the message.","Using emotionally charged language to create an impression about the subject of a claim, without making an argument that the language fits the subject.",C,True,0.19291352,0.1502412,0.59421545,0.06262985
"Which of the following fallacies is a way of suppressing evidence that eliminates a source of evidence from consideration by claiming the source is flawed, when there is no true relationship between the alleged flaw and the reliability of the source?",significance,snob appeal,poisoning the well,appeal to anonymous authority,C,True,0.028553452,0.068496175,0.83445424,0.068496175
The false analogy fallacy is,a specific type of false cause fallacy that argues that since two event happened at the same time one event must have caused the other,arguing that an event that preceded another event necessarily is the cause of the second event,arguing that since something is new it is necessarily good,drawing a conclusion based on a comparison when the items being compared are not similar enough to support the conclusion.,D,False,0.5881915,0.11582178,0.21638358,0.07960306
The _ad nauseam_ fallacy is,arguing that something should be done because that's the way it's been done in the past.,"arguing that an act should be carried out because it will not have any significant consequences, when there is no evidence of the effects",reasoning that a conclusion is true because it's been claimed so often,reasoning that a claim is true because so many people believe it is true,C,False,0.3986894,0.18832752,0.35184214,0.061141
Arguing that what is true of an entire object is also true of each part of that object is the fallacy of,false criteria,hasty generalization,ad crumenam,division,D,False,0.51597023,0.18981485,0.21508838,0.079126604
Which of the following describes the horse laugh fallacy?,responding to an argument with an expression of derision instead of a counter argument,attempts to gain agreement based solely the feelings aroused by the message,characterizing an opponent's position in such way to make it or its consequences appear to be ridiculous,"arguing actions should be taken to avoid negative results, when those results are exaggerated, unlikely, or irrelevant",A,False,0.09829833,0.16206655,0.7263319,0.013303233
Arguing that a lack of evidence proves something is the fallacy of...,Appeal to ignorance,Double negative,Equivocation,Burden of proof,A,True,0.9122453,0.045418017,0.035371587,0.0069650784
The argument against the person consists of,ignoring another person's arguments and attacking her character instead,"asserting an opposing arguer has taken an easily defeated position, which she has not really taken",causing confusion during an argument by a lack of ability to engage in refutation,using threats of harm instead of reasoning to gain agreement,A,True,0.69187015,0.09363444,0.19822413,0.016271226
Which of the following fallacies happens when someone concludes that someone must be honest because the people he hangs around with are honest?,Laudatory personality,Guilt by association,Reprehensible personality,Circular reasoning,B,False,0.2872654,0.32551432,0.36885604,0.01836426
Asking a question that includes an unproven assumption may lead to which of the following fallacies?,Appeal to ignorance,Extension,a priori,Complex question,D,False,0.1976217,0.15390794,0.47406983,0.17440055
"Polonius in William Shakespeare's Hamlet: ""Your noble son is mad: Mad call I it, for to define true madness, What is't but to be nothing else but mad?""",Attacking the Person (ad hominem),Equivocation,Begging the Question,Appeal to Pity,C,False,0.33863643,0.18125902,0.2988456,0.18125902
Notice from the Hyatt Regency Hotel in New Orleans: We are pleased to confirm your reservation. It will be held on a space-available basis.,Equivocation,Affirming the Consequent,Gambler's Fallacy,Inconsistency,D,False,0.26982114,0.21013692,0.39258742,0.12745447
The natural law fallacy is,arguing that something is necessarily bad because it doesn't cost very much,substituting individual stories for a larger sample when supporting a generalization,arguing that what is true in nature must be true about humans,the same thing as the  post hoc  fallacy,C,False,0.39663112,0.14591244,0.39663112,0.060825355
"If someone uses an emotionally charged restatement of a claim in place of support for the claim, that person may have committed which of the following fallacies?",Style over substance,Question begging epithets,Hypostatization,Amphiboly,B,False,0.24907061,0.19397637,0.46532515,0.091627955
Arguing that a claim must be true merely because a substantial number of people believe it is called the fallacy of...,Tu quoque,Composition,Appeal to the masses,Appeal to reason,C,False,0.5399484,0.13652034,0.28901356,0.034517746
_Ad populum_. is another name for which fallacy?,poisoning the well,suppressed evidence,appeal to pride,appeal to the people,D,False,0.07493925,0.29639047,0.48866528,0.14000495
In a valid disjunctive syllogism the minor premise must,accept one choice,reject all but one choice,either A or B,none of the above,C,False,0.5008849,0.39008954,0.098630086,0.010395534
Which of the following describes the fallacy of appeal to spite?,responding to an argument with an expression of derision instead of a counter argument,arguing against a position based only on negative personal feelings toward the position,arguing someone should do something only because that person dislikes someone else,saying someone shouldn't do something because if he or she does it people won't like him or her,C,False,0.7142583,0.1406458,0.10953506,0.035560828
_Ad hominem_ is another name for the fallacy of,appeal to loyalty,reducing to an absurdity,ignorance of refutation,argument against the person,D,False,0.35098258,0.060991623,0.5786724,0.009353369
The fallacy of appeal to the person is rejecting a claim by...,Using rhetoric,Making false statements,Ignoring the person,Criticizing the person who makes it,D,False,0.10404087,0.07150618,0.76876384,0.055689067
Another name for hasty conclusion is,hasty generalization,post hoc ergo prompter hoc,jumping to a conclusion,ad novitatem,C,False,0.50372106,0.18530862,0.26962247,0.041347943
"John S. Knight, Detroit Free Press (3 July 1970): ...Capitalism is the economic system in which the means of production and distribution are privately owned and operated for profit. The alternative system is called socialism, the theory of the ownership and operation of the means of production by society, with all members sharing in the work and the products.",Begging the Question,False Dilemma,Straw Man,Appeal to Gallery (Provicialism),B,False,0.1266005,0.14345716,0.56738406,0.16255826
The fallacy of composition is,attributing the cause of an event to a simple cause when the cause is more complex,arguing that what is true of part of an object must be true of the entire object,drawing a conclusion without enough evidence to support that conclusion,drawing a conclusion based on sign reasoning when there is not really a direct relationship between the alleged sign and the subject of the conclusion,B,False,0.72011715,0.16067986,0.09745726,0.021745654
""" _Ad crumenam_ "" is a specific kind of",False analogy,Hasty Generalization,False sign,Hasty Conclusion,C,True,0.31102183,0.18864428,0.39935994,0.10097401
Which of the following fallacies happens when someone draws a conclusion that is simply a restatement of one of the premises?,Laudatory personality,Guilt by association,Accident,Begging the question,D,False,0.12391837,0.18030016,0.5553636,0.1404179
"I don't know what the answer is to number 8. But Heather hasn't made the third option into the correct answer for a while, and even then only once, so I'm guessing that this is the fallacy of Composition!",Gambler's Fallacy,Equivocation,Fallacy of Composition,Appeal to Pity,A,False,0.0023279681,0.022087147,0.93916935,0.036415547
"When someone argues that making a change will have no significant effect, but there is no evidence that the effect will not be significant, that person has committed which of the following fallacies?",poisoning the well,solid slope,appeal to tradition,argument from authority,B,False,0.15837798,0.2304386,0.48783854,0.1233449
Which of the following best describes the fallacy of question begging epithets?,Treating something that exists in the mind as if it was a real object.,"A form of loaded language that uses an emotionally charged restatement of the claim, often in the form of name calling, in place of support for the claim.",Changing the meaning of a word or phrase from one part of the argument to another.,"Reasoning that ideas presented in an appealing manner are correct, regardless of the content of the message.",B,True,0.3579224,0.45958146,0.14920425,0.03329197
Which of the following describes he fallacy of appeal to pride?,arguing a claim should be accepted based only on evidence that unidentified authorities accept it.,arguing someone should accept a claim based only on the evidence that he or she has the favorable characteristics to understand the truth of the claim.,"arguing something should be done based only on evidence that it's been done that way in the past, or should be believed only because it's been believed for a long time.","arguing that an act or series of acts should be carried out because they will have no significant consequences, when there is no evidence for the lack of significant effects.",B,False,0.40528223,0.2458161,0.31563413,0.03326759
A syllogism that is formally invalid,cannot be materially true,might be materially true,might be materially untrue,both B and C,D,False,0.23111542,0.33627093,0.3810449,0.051568817
Another name for the fallacy of false dilemma is,Guilt by association,Circular reasoning,Laudatory personality,False dichotomy,D,False,0.46340156,0.28106725,0.24804099,0.0074901883
"When someone responds to your argument with a sarcastic statement such as, ""Yeah, right. Like that's ever going to happen,"" that person may have committed which fallacy?",appeal to indignation,appeal to spite,horse laugh,tu quoque,C,True,0.10024249,0.14585195,0.6536631,0.10024249
The _post hoc_ fallacy is,arguing that a single event caused another when the cause is really several events,arguing that since two things happened at the same time one must have caused the other,drawing a conclusion about a causal relationship when there is no evidence of a causal relationship,arguing that since one event preceded another event the first event must have caused the second event,D,False,0.4219749,0.15523589,0.37239152,0.050397716
The fallacy of reprehensible personality is a specific type of,the fallacy of accident,False dilemma,Begging the question,Circular reasoning,A,False,0.2617548,0.14010724,0.48902234,0.10911564
_A priori_ is a fallacy that involves,"asking a question that includes either an unproven assumption or more than one question, thus making a straightforward yes or no answer meaningless.",arguing something is inferior just because it doesn't do something it was never intended to do.,arguing that a claim must be true because there is no evidence that it is false.,"reasoning that determines the conclusion one wants first, then accepts only evidence supporting that conclusion, or interprets all evidence as support for that conclusion.",D,False,0.16335101,0.34581408,0.44403407,0.046800844
"If you say an opposing arguer has taken a position that you can easily defeat, when he or she has not taken that position, then you go on to defeat that position and claim to have done significant damage to that arguer's overall argument, you are probably guilty of which of the following fallacies?",genetic fallacy,appeal to emotions,straw person,ignorance of refutation,C,True,0.040232003,0.066331364,0.71312934,0.18030733
"""The minor premise must affirm the antecedent or deny the consequent"" is a way to determine the validity of which type of argument?",Categorical syllogism,Disjunctive syllogism,Hypothetical syllogism,Toulmin model,C,False,0.47756794,0.17568743,0.32822734,0.01851732
Arguing that someone couldn't have done something good because he is incapable of doing good commits the fallacy of,Begging the question,False dilemma,Accident,False dichotomy,A,False,0.33410615,0.17883414,0.4290008,0.058058944
The complex proposition fallacy involves,including more than one claim in the proposition and treating proof for one claim as proof for all the claims.,"asking a question that includes either an unproven assumption or more than one question, thus making a straightforward yes or no answer meaningless.",arguing that a claim must be true because there is no evidence that it is false.,arguing something is inferior just because it doesn't do something it was never intended to do.,A,False,0.30677313,0.3939045,0.23891516,0.060407214
Anecdotal evidence is a specific kind of,False sign,False criteria,False cause,Hasty Generalization,D,False,0.23480837,0.14241847,0.49708933,0.12568386
Fallacies can be psychologically persuasive even though they are...,Psychologically impotent,Logically flawed,Deductively valid,Inductively valid,B,False,0.43879536,0.23487024,0.30157936,0.02475514
Referring to an act committed by an opponent in negative terms while referring to the same act committed by the arguer or supporters in favorable terms describes which of the following fallacies?,Ambiguity,Special pleading,Reification,Hypostatization,B,False,0.16940288,0.24647972,0.5217976,0.062319838
Which of the following explanations best fits the fallacy of ignorance of refutation?,"asserting an argumentative opponent has taken an easily defeated position, which the opponent has not really taken, defeating the position, and acting as if you've done significant damage to that person's overall argument.",causing confusion during refutation because of a real or feigned lack of the ability to engage in refutation,characterizing an opposing argument in such a way to make it or its consequences appear to be ridiculous,arguing an action should be taken based only on the need to be loyal to someone or to a group,B,True,0.2850849,0.32304353,0.1959358,0.1959358
Another name for the fallacy of reducing to an absurdity is,tu quoque,ad baculum,ad hominem,reductio ad absurdum,D,False,0.039088815,0.056873888,0.8896573,0.014379971
Another name for the fallacy of complex question is,Fallacy of interrogation,Compound proposition,Appeal to ignorance,Extension,A,False,0.26822886,0.14357257,0.50111747,0.08708116
The appeal to joy fallacy involves,arguing that someone should do something based only on the assertion that it will make him or her feel happier,causing confusion during refutation because of a lack of ability to engage in refutation,arguing for a conclusion based only on feeling sorry for someone when that feeling is irrelevant to the conclusion,arguing someone should do something only because other people will like him or her for doing it,A,True,0.59980243,0.13383402,0.19472733,0.071636185
Another name for the fallacy of accident is,Sweeping generalization,Black-or-white fallacy,Petitio principii,False dichotomy,A,True,0.53599095,0.15356398,0.2868953,0.023549799
Which of the following describes the fallacy of evading the issue?,arguing that someone should do something only because of ill will towards someone else,characterizing an opponent's position in a way that makes it seem ridiculous,"supporting a claim with evidence or reasoning that is not relevant to the proposition, or responding to another's argument by changing the subject",attempting to gain agreement based only on the feelings aroused in the message,C,True,0.058514845,0.10932011,0.80777246,0.024392614
Including more than one claim in a proposition may lead to which of the following fallacies?,Complex question,Appeal to ignorance,Compound proposition,Extension,C,True,0.06316634,0.10414369,0.76952356,0.06316634
Which of the following fallacies happens when someone concludes that someone couldn't have done something bad because he or she has good qualities?,Laudatory personality,Guilt by association,Reprehensible personality,Circular reasoning,A,True,0.40295184,0.21568458,0.35560375,0.025759848
Which of the following describes the fallacy of appeal to popularity?,saying someone should do something because he or she dislikes someone else,saying someone should do something to be better liked by others,saying someone should do something because it will make him or her feel good,saying someone should accept an idea because of the source of the idea,B,False,0.59967375,0.1718094,0.19468556,0.033831276
Which fallacy happens because of a failure to recognize the alternatives presented are not mutually exclusive?,Begging the Question,Accident,Circular reasoning,False dilemma,D,False,0.15710118,0.29350364,0.4839057,0.065489516
"In a conditional syllogism, when the minor premise denies the antecedent",no valid conclusion can be drawn,the conclusion must affirm the consequent,the conclusion must deny the consequent,the conclusion must affirm the antecedent,A,False,0.16641548,0.35230157,0.45236418,0.028918674
"The Dean was showing a visitor around the campus. The visitor asked, ""About how many students do you have here?"" After a moment of reflection the Dean replied, ""Oh, I'd guess about one in a hundred.""",Equivocation,Fallacy of Division,Appeal to Authority,Denying the Antecedent,A,False,0.1617928,0.26675123,0.38812074,0.18333524
The appeal to anonymous authority fallacy consists of,"reasoning that an act or series of acts should be carried out because they will have no significant consequences, when there is no evidence there will be no consequences.",arguing that a claim should be accepted based on the evidence that a large number of people accept it,arguing that something should be done because it has been done in the past,arguing a claim should be accepted based only on the assertion that unidentified authorities accept it,D,False,0.73867357,0.11327927,0.12836222,0.019684983
A hasty generalization is a fallacy of...,Acceptable premises,Unacceptable premises,Deduction,Acceptable but untrue premises,B,False,0.7567776,0.16885991,0.07039128,0.003971204
Which of the following best describes the fallacy of figure of speech?,"Using emotionally charged language to create an impression about the subject of a claim, without making an argument that the language fits the subject.",Treating something that exists in the mind as if it was a real object.,Confusing figurative language with literal language.,A form of loaded language that uses an emotionally charged restatement of the claim in place of support for the claim.,C,False,0.83631855,0.053464055,0.077789746,0.03242759
The fallacy of extension consists of,"asking a question that includes either an unproven assumption or more than one question, thus making a straightforward yes or no answer meaningless.",arguing something is flawed because it doesn't do what it was never intended to do.,arguing about something when you don't know what you're talking about,including more than one claim in the proposition and treating proof for one claim as proof for all the claims.,B,False,0.6235778,0.20244606,0.12278975,0.05118638
Arguing that a claim must be true because there is no evidence that it is false is which of the following fallacies?,a priori,Extension,Appeal to ignorance,plurium interrogationum,C,True,0.10321605,0.09108785,0.7626692,0.043026853
Which of the following describes the fallacy of appeal to common practice?,"eliminating a source of evidence from consideration by claiming the source is flawed, when there is no true relationship between the alleged flaw and the reliability of the source","reasoning that an act or series of acts should be carried out because they will have no significant consequences, when there is no evidence there will be no consequences",drawing a conclusion after purposely leaving out evidence or ignoring known evidence that might contradict a claim,arguing that something is the right thing to do based only on evidence that other people are already doing it.,D,False,0.46570614,0.15119265,0.32007486,0.06302647
Which of the following is another name for evading the issue?,"""you too"" fallacy",irrelevant conclusion,appeal to fear,argument against the person,B,False,0.17669891,0.15593623,0.61673975,0.050625082
"I don't understand why everyone thinks they belong in college. After all, everyone knows that when you are intelligent you'll succeed. But so many people that elect to attend college don't have even the most basic intelligence. How do they expect to get anywhere here?",Attacking the Person (ad hominem),Straw Man,Denying the Antecedent,Begging the Question,C,False,0.3748085,0.17704698,0.29190114,0.15624341
When someone treats an imaginary concept as if it was something tangible that person might commit the fallacy of,Question begging epithets,Misusing ambiguity,Hypostatization,Amphiboly,C,True,0.28661776,0.13538864,0.4725528,0.10544079
Another name for hasty generalization is,false criteria,secundum quid,anecdotal evidence,ad crumenam,B,False,0.4017191,0.16746143,0.4017191,0.029100435
An arguer who threatens another to gain agreement commits the fallacy of,appeal to force,tu quoque,ignorance of refutation,straw person,A,True,0.5376753,0.105874546,0.32611656,0.030333566
"Which type of syllogism's major premise takes the form, ""All A's are B""?",categorical,disjunctive,conditional,hypothetical,A,True,0.6034094,0.104856834,0.28503042,0.006703273
"Which of the following fallacies happens when someone argues that a choice must be made among a certain set of alternatives, when there are really other alternatives to choose from?",Laudatory personality,Accident,False dilemma,Circular reasoning,C,True,0.044506542,0.1553431,0.78889734,0.011253016
"If you think that someone's argument is strong based on their compelling use of language and confident delivery, you've probably committed which fallacy?",Amphiboly,Equivocation,Special pleading,Style over substance,D,False,0.08026289,0.21817715,0.67203295,0.029527068
Which of the following describes the fallacy of appeal to indignation?,attacking the character or background of someone making an argument instead of his or her evidence and reasoning,responding to charges of wrongdoing by saying other people do the same thing,arguing against a position only based on personal feelings toward the position,responding to an argument with an expression of derision instead of a counter argument,C,False,0.8660383,0.055363975,0.06273561,0.015862046
Evading burden of proof is another name for the fallacy of,Extension,Appeal to ignorance,Complex question,Complex proposition,B,False,0.2986834,0.18116064,0.4345818,0.08557423
"In a hypothetical syllogism, when the minor premise affirms the antecedent",no valid conclusion can be drawn,the conclusion must affirm the consequent,the conclusion must deny the consequent,the conclusion must deny the antecedent,B,False,0.17504592,0.37057224,0.41991335,0.034468587
"Moses Maimonides, ""The Guide of the Perplexed"": God, may He be exalted ... existed alone, and nothing else. ...Afterwards, through His will and His volition, He brought into existence out of nothing all the beings as they are, time itself being one of the created things. For time is consequent upon motion, and motion is an accident of what is moved. Furthermore, what is moved...is itself created in time ....",Equivocation,Appeal to Authority,Inconsisteny,Slippery Slope,C,True,0.16094339,0.16094339,0.49574053,0.18237275
"John Stuart Mill: Each person's happiness is a good to that person, and the general happiness, therefore, a good to the aggregate of all persons.",Fallacy of Composition,Fallacy of Division,Gambler's Fallacy,Equivocation,A,False,0.3216612,0.25051,0.3644899,0.06333885
_Circulus in probando_ is another name for,The fallacy of accident,False dilemma,Begging the question,Guilt by association,C,True,0.29245237,0.29245237,0.37551627,0.039579123
Arguing that an idea should be accepted or rejected only because of the source of the idea commits which of the following fallacies?,genetic fallacy,appeal to popularity,scare tactics,appeal to emotions,A,True,0.55331427,0.13989976,0.26136714,0.045418803
"At the end of the course, Professor Jones told us that we were the best class he had ever had. That's why I'm sure that the 0.0 the appeared on my grade report is a mistake. Surely, if we were as good a class as Professor Jones said we were, none of us deserved to fail.",Fallacy of Composition,Fallacy of Division,Questionable Cause,Appeal to Gallery (Provicialism),B,False,0.08423351,0.20206568,0.48473036,0.22897041
Which of the following best describes the fallacy of equivocation?,A form of loaded language that uses an emotionally charged restatement of the claim in place of support for the claim.,Changing the meaning of a word or phrase from one part of the argument to another.,Confusing figurative language with literal language.,Referring to an act committed by an opponent in negative terms while referring to the same act committed by the arguer or supporters in favorable terms.,B,False,0.4020404,0.4020404,0.1479024,0.04801688
The fallacy of appeal to emotions consists of,trying to make an opponent's argument seem ridiculous,defending wrongdoing by claiming the opposing arguer does the same thing,arguing that an argument should be rejected because the source of the argument,trying to get someone else to agree to a claim only by arousing that person's feelings about the subject,D,False,0.51507735,0.13023195,0.27570105,0.07898967
"""To be valid, the minor premise must either agree with the antecedent, or disagree with the consequent"" is a requirement for",a disjunctive syllogism,a categorical syllogism,a conditional syllogism,disjunctive enthymeme,C,False,0.56352854,0.20731057,0.20731057,0.021850372
Which of the following fallacies happens when someone concludes that someone couldn't have done something good because he or she has negative qualities?,Laudatory personality,Guilt by association,Reprehensible personality,Circular reasoning,C,True,0.35302088,0.214118,0.40002507,0.032836057
Another name for the bandwagon appeal is,appeal to beliefs,appeal to authority,appeal to the people,common man appeal,C,True,0.18549807,0.23818424,0.5713743,0.0049433564
A valid disjunctive syllogism has which of the following characteristics?,The minor premise must either affirm the antecedent or deny the consequent,The minor premise must either accept an alternative or reject an alternative,One of the premises is missing,It reaches a truthful conclusion,B,False,0.49441954,0.26464373,0.18188679,0.059049994
Appeal to beliefs is another name for which of the following fallacies?,ad nauseam,appeal to tradition,solid slope,self evident truths,D,False,0.2517814,0.19608754,0.47038957,0.08174145
When a claim is supported only by asserting that unidentified experts accept the claim the arguer has committed which of the following fallacies?,appeal to tradition,ad vericundiam,appeal to anonymous authority,snob appeal,C,True,0.26116958,0.15840736,0.552896,0.027527072
The black-or-white fallacy is another name for,The fallacy of accident,False dilemma,Begging the question,Circular reasoning,B,False,0.3393944,0.3393944,0.2995145,0.021696758
The false sign fallacy is,arguing that what is true of part of an object is necessarily true of the entire object,arguing that two things are similar enough that what is true of one is true of the other,arguing that since something is inexpensive it is necessarily of low quality,reasoning by sign when there is really not a direct relationship between the alleged sign and the subject of the argument,D,False,0.6579351,0.14680517,0.16635203,0.028907651
""" _Ad novitatem_ "" is",arguing that what is true of a few members of a class is true of all members of the class,drawing a conclusion by applying irrelevant criteria to a subject,substituting individual stories for a larger sample as support for a claim,"arguing that something must be good because it is new, or must be bad because it is old",D,False,0.3128364,0.16744927,0.27607715,0.24363723
"When someone tries to support a proposition with information that really has nothing to do with the claim being made, that person has probably committed which of the following fallacies?",straw person,genetic fallacy,irrelevant conclusion,ignoratio elenchi,C,True,0.056981687,0.09394692,0.69417906,0.1548923
Applying irrelevant standards to the subject of the argument is the fallacy of,ad crumenam,ad antiquitatem,false criteria,hasty generalization,C,True,0.098922156,0.14393088,0.64505345,0.11209348
"If you argued something is flawed because it fails to do something, when it was never intended to do that, you may have committed which of the following fallacies?",ad ignorantium,Many questions,Extension,Compound proposition,C,True,0.027344488,0.039785992,0.905525,0.027344488
""" _Ad antiquitatem_ "" is",a specific type of false cause fallacy that argues that since two event happened at the same time one event must have caused the other,"a specific type of false sign fallacy that reasons something is necessarily better because it is old, or is worse because it is new","a specific type of false sign fallacy that reasons something is necessarily better because it is new, or is worse because it is old",arguing that what is true of an individual part of an object must be true of the entire object,B,False,0.32633564,0.19793256,0.41902325,0.05670863
""" _Ad crumenam_ "" is",basing a conclusion on an analogy when the items being compared are not similar enough to sustain the analogy,"a specific type of false sign fallacy that reasons someone is necessarily better because he or she is wealthy, or is worse because he or she is poor",drawing a firm conclusion without enough evidence to support that conclusion,a specific type of false cause that involves mistakenly attributing the cause of an event to a simple cause when the cause is more complex,B,False,0.36871013,0.32538554,0.223634,0.082270354
The fallacy of laudatory personality is a specific type of,The fallacy of accident,False dilemma,Begging the question,Circular reasoning,A,False,0.26826796,0.16271272,0.5011905,0.06782875
Appeal to ignorance is a fallacy that involves,"determining the conclusion one wants first, then accepting only evidence supporting that conclusion, or interpreting all evidence as support for that conclusion.",arguing something is inferior just because it doesn't do something it was never intended to do.,arguing that a claim must be true because there is no evidence that it is false.,arguing about something when you are ignorant about the subject,C,False,0.57718277,0.08851385,0.3089437,0.025359642
Which of the following statements is **not** true?,A formally valid syllogism may be materially untrue,A formally valid syllogism must be materially true,A materially true conclusion may arise from a formally valid syllogism,The formal validity of a syllogism does not guarantee it is materially true,B,False,0.4739909,0.28749,0.17437151,0.06414769
"""The minor premise must affirm the antecedent or deny the consequent"" is a validity requirement of which type of argument?",Toulmin,Categorical,Disjunctive,Conditional (or hypothetical),D,False,0.42413357,0.29150248,0.25725,0.027113952
Which of the following describes the fallacy of appeal to loyalty?,arguing that someone should do something because it will make him or her better liked by others,responding to an argument with an expression of derision,arguing that an idea should be accepted only because of who originated the idea,arguing that someone should do something to be loyal to a person or a group,D,False,0.086782,0.111430295,0.5658897,0.23589793
Arguing in favor of a claim based only on the evidence that some regular people believe the claim is one way to commit which of the following fallacies?,poisoning the well,common person appeal,ad numerum,suppressed evidence,B,False,0.38132277,0.15895899,0.43209532,0.027622929
The appeal to fear involves,arguing something should be done only because it will make the person doing it feel good,arguing someone should do something only because of ill will towards someone else,"arguing actions should be taken to avoid exaggerated, unlikely, or irrelevant negative results",characterizing an opponents position in a way that makes it seem silly,C,False,0.46426585,0.19353479,0.31908494,0.023114435
"It's silly to pass laws against discrimination, since it is obvious that we can't live without it. We discriminate between pleasant and unpleasant tastes in selecting our food, between pleasant and unpleasant sounds in selecting our music, between harmonious and unharmonious colors in decorating our homes, between interesting and uninteresting people in choosing our friends, and so on. We can't live without discriminating.",Prejudicial Language,Equivocation,Inconsistency,Straw Man,B,False,0.20978633,0.20978633,0.50325125,0.07717608
The fallacy of guilt by association is a specific type of,Fallacy of accident,Laudatory personality,Begging the question,Circular reasoning,A,True,0.43967625,0.12596937,0.38801292,0.046341535
Appeal to compassion is,an appeal to emotion that argues against a position based only on negative personal feelings toward the position,an appeal to emotion that argues a conclusion should be made based only on feeling sorry for someone,an appeal to emotion that argues an action should be taken based only on the need to be loyal to someone,arguing that an idea should be accepted based only on who originated the idea,B,False,0.8466154,0.06949442,0.061328616,0.022561535
"When someone uses highly emotionally charged terms during an argument, without giving any reasons why those terms fit the subject, that person may have committed which of the following fallacies?",Special pleading,Amphiboly,Equivocation,Loaded language,D,False,0.052168068,0.16068895,0.7201579,0.06698512
Arguing that someone couldn't have done something good because she holds a particular position commits the fallacy of,Guilt by association,False dilemma,Reprehensible personality,False dichotomy,C,False,0.51359016,0.18893926,0.27490503,0.022565577
""" _Ad antiquitatem_ "" is a specific kind of",False cause,False sign,False analogy,Hasty Generalization,B,False,0.20350249,0.1584879,0.5531771,0.08483246
The hasty conclusion fallacy is,arguing that a single event caused another when the cause is really several events,making an argument without enough evidence to support the conclusion,substituting individual stories for a larger sample in support of a claim,reasoning that applies irrelevant criteria to the subject of the argument.,B,False,0.54319596,0.15562825,0.2565876,0.044588238
""" _Ad lazarum_ "" is","a specific type of false sign that argues there is necessarily an inverse relationship between cost and quality, so something is necessarily a better value because it costs less",arguing that what is true of an entire object must also be true of every individual part of that object,a specific type of false analogy that reasons what is true about nature must be true about humans,drawing a conclusion without enough evidence to support that conclusion,A,True,0.28798804,0.13603592,0.28798804,0.28798804
"All things that are spoiled are inedible. Timothy is spoiled. So, Timothy is inedible.",Equivocation,Attacking the Person (ad hominem),Fallacy of Division,Questionable Cause,A,False,0.22352558,0.25328767,0.41760075,0.10558601
"Which of the statements below is correct about the following argument?

""If the sky is blue there won't be rain. The sky is blue today. Therefore, there won't be rain.""",It is a formally valid categorical syllogism,It is a formally invalid disjunctive syllogism,It is a formally valid conditional syllogism,It is a formally invalid conditional syllogism,C,True,0.08483252,0.20350264,0.62683225,0.08483252
Which of the following best describes the snob appeal fallacy?,reasoning that a claim is true based only on the evidence that it has been made so often.,arguing someone should accept a claim based only on the evidence that he or she has the favorable characteristics to understand the truth of the claim.,arguing a claim should be accepted based only on evidence that unidentified authorities accept it.,"arguing that someone should accept an idea or product based only on evidence that prestigious people accept it, or that non-prestigious people reject it.",D,False,0.40525323,0.27852622,0.27852622,0.037694424
"""Each term must be used twice, no more and no less,"" is a test of validity for which type of syllogism?",Enthymeme,Categorical,Disjunctive,Conditional,B,False,0.17139907,0.2825893,0.5279463,0.018065328
"The universe, like a watch, must have a maker.",Fallacy of Accident,Questionable Analogy,Questionable Cause,Fallacy of Composition,B,False,0.09875553,0.23690219,0.50152194,0.16282034
The natural law fallacy is a specific type of,false analogy,false cause,false criteria,false sign,A,False,0.30539548,0.14425862,0.503512,0.046833917
"Given the following major premise, which of the following minor premises could lead to a valid conclusion?

""Either I'm going to do well on this test or I'm going to be mad.""","""I won't do well on the test""","""I won't take the test""","""My birthday is today""",both A and B,A,True,0.413315,0.22123158,0.28406698,0.08138655
Men are better drivers than women are. The proof of this is that men are more capable than women of managing cars on the road.,Begging the question,Ad hominem (Attacking the Person),False Dilemma,Appeal to Pity,A,False,0.17089841,0.17089841,0.46455002,0.19365326
"In a faulty analogy, the things being compared are...",Sufficiently similar,Sufficiently similar in irrelevant ways,Complete opposites,Not sufficiently similar in relevant ways,D,False,0.35526747,0.31352243,0.31352243,0.017687725
Which of the following describes the _tu quoque_ fallacy?,summarizing an opponent's position in a way that makes it seem silly,attempting to gain agreement based only on the feelings aroused in the argument,responding to charges of wrongdoing by saying the accuser does the same thing,arguing against a position based only on negative personal feelings toward the position,C,True,0.2701207,0.1445852,0.5718456,0.01344852
Responding to charges of wrongdoing by saying the accuser or others do the same thing describes which of the following fallacies?,ignoratio elenchi,ad baculum,ad misericordiam,tu quoque,D,False,0.119582266,0.15354666,0.60728884,0.119582266
"The fallacy that involves reasoning that determines the conclusion one wants first, then accepts only evidence supporting that conclusion, or interprets all evidence as support for that conclusion is known as",ad ignorantium,a priori,plurium interrogationum,Extension,B,False,0.2591671,0.08413924,0.54865676,0.10803692
The genetic fallacy consists of,arguing that a conclusion should be made based on feeling sorry for someone when that feeling is irrelevant to the conclusion,responding to charges of wrongdoing by saying the accuser does something just as bad,arguing that an idea should be accepted or rejected based only on who originated the idea.,causing confusion during refutation because of a real or feigned lack of ability to engage in refutation,C,False,0.3583276,0.116331935,0.27906582,0.24627472
Another name for the fallacy of begging the question is,Dito simpliciter,Bifurcation,Reprehensible personality,Circular reasoning,D,False,0.5689325,0.23716633,0.18470533,0.009195937
The fallacy of _ignoratio elenchi_ is also known as,argument against the person,appeal to compassion,ignorance of refutation,"the ""you too"" fallacy",C,True,0.1760241,0.10676402,0.6961888,0.02102308
"William Safire in American Heritage Magazine (December 1987): ...The greatness of Lincoln was his purposefulness. He saw something that few others saw: that the democratic experiment centered on the Union and that majority rule was everything. The minute you allowed secession, you made democracy an absurdity---because what would happen would be continued subdivision.",Slippery Slope,Questionable Analogy,Appeal to Authority,Straw Man,A,False,0.11582178,0.21638358,0.5881915,0.07960306
"So, how long have you been beating your wife?",Attacking the Person (ad hominem),False Dilemma,Prejudicial Language,Appeal to Force,C,False,0.4953738,0.14192697,0.26515448,0.097544886
"""Misuse of statistics,"" ""questionable statistics,"" and ""questionable use of statistics"" are all other names for the fallacy of",appeal to a pride,significance,poisoning the well,slippery slope,B,False,0.23382755,0.16070718,0.49501294,0.11045232
"E.F. Schumacher, famous economist, in an article in the Atlantic (April 1979): Fifteen months [after I had advised that rural India should have a technology intermediate between the hoe and the tractor,] an all-India conference on intermediate technology was arranged. (They still didn't like the term [intermediate], so they called it appropriate technology. That's all right: when I come to India and somebody says, ""Oh, Mr. Schumacher, I don't believe in appropriate technology"", I just look him straight in the face and say, ""Oh, that's splendid. Do you believe in inappropriate technology?"")",Equivocation,Inconsistency,Appeal to Authority,Prejudicial Language,A,False,0.23331757,0.20590201,0.43589458,0.124885894
"We must assume that he is a Communist, because he says that he is not, and we know that Communists are taught always to deny party membership.",Argument from Ignorance,Affirming the Consequent,Denying the Antecedent,Begging the Question,B,False,0.24591295,0.21701743,0.4054419,0.13162771
"If someone argues that something should be done in a certain way because that's the way it's always been done, that person has committed which of the following fallacies?",slippery slope,appeal to tradition,argument from authority,ad nauseam,B,True,0.30048418,0.38582933,0.30048418,0.013202353
False analogy is another name for which fallacy?,Over generalization,Composition,Concomitant variation,Imperfect analogy,D,False,0.17276981,0.2513786,0.5321685,0.043683052
"Which of the following fallacies happen if someone argues that you are a reasonable and intelligent person, so of course you understand his claim is true?",significance,argument from authority,appeal to pride,slippery slope,C,True,0.20603186,0.18182246,0.56005263,0.05209301
"Which fallacy happens when someone argues in favor of a two part proposition, only supports one part of the proposition, then asserts that the entire proposition has been supported.",a priori,Complex proposition,Extension,Appeal to ignorance,B,False,0.1569381,0.1569381,0.62070227,0.06542154
Which of the following is a test of the validity of a conditional syllogism?,Every term must be used twice--no more and no less,"If one premise is negative, the conclusion must be negative",The minor premise must affirm the antecedent or deny the consequent,The alternatives presented must be mutually exclusive,C,True,0.068633646,0.2114065,0.57466245,0.14529742
Which of the following fallacies happens when someone attributes the cause of an event to a simple cause when the cause is actually more complicated?,complex cause,hasty generalization,post hoc,division,A,False,0.15839794,0.23046763,0.5528631,0.05827134
Which of the following is another name for the fallacy of amphiboly?,Misusing ambiguity,Reification,Figure of speech,Special pleading,A,True,0.44499996,0.23819132,0.26990613,0.04690265
"Tan ah Tiat, forty-nine years old, a native of Kuala Lumpar, Malaysia, was charged with possession of opium. Arguing for acquittal, he told the judge that his opium habit did no harm, as he was too old to work anyway. Asked how he lived, he replied that he lived on the earnings of his grandmother.",Straw Man,False Dilemma,Inconsistency,Appeal to Authority,C,True,0.13256943,0.15022086,0.5243223,0.1928874
Which of the following best describes the fallacy of self-evident truths?,arguing that a claim is true based only on evidence that an authority figure accepts the claim.,arguing a claim should be accepted based only on evidence that unidentified authorities accept it.,"arguing that a claim should be accepted based on evidence that is not presented, but is asserted to be well known or obvious.",arguing someone should accept a claim based only on the evidence that he or she has the favorable characteristics to understand the truth of the claim.,C,True,0.2916281,0.20043285,0.48081344,0.027125638
""" _Ad lazarum_ "" is a specific kind of",Anecdotal evidence,Complex cause,False criteria,False sign,D,False,0.41072923,0.17121741,0.36246726,0.055586156
"We're perfectly entitled to believe there is a God. After all, every effort by atheists to prove otherwise has failed.",Appeal to Authority,Denying the Antecedent,Attacking the Person (ad hominem),Argument from Ignorance,D,False,0.12599728,0.12599728,0.5646806,0.18332493
"When someone makes an argument, and the only evidence he or she uses to support the claim is the testimony that an authority figure believes the claim, the arguer has committed which fallacy?",Questionable use of statistics,Apple polishing,Self evident truths,Argument from authority,D,True,0.013549621,0.12855522,0.34944937,0.5084458
When someone changes the meaning of a word or phrase from one part of the argument to another that person may have committed which of the following fallacies?,Special pleading,Hypostatization,Question begging epithets,Equivocation,D,False,0.08227218,0.1356439,0.60791373,0.17417021
Another name for the fallacy of accident is,Laudatory personality,Guilt by association,Either-or fallacy,Dicto simpliciter,D,False,0.41799498,0.17424622,0.36887926,0.038879592
"""Each term must be used twice, no more and no less"" is a requirement for",valid categorical syllogism,a valid disjunctive syllogism,a valid conditional syllogism,a materially true hypothetical syllogism,A,True,0.6135467,0.13690078,0.19918945,0.05036298
The false cause fallacy is,arguing that since someone is poor she must have high moral character,arguing that two things are causally related without evidence of a causal relationship,arguing that since something is new it is necessarily bad,substituting individual stories for a larger sample in support of a claim,B,False,0.48743278,0.26090398,0.23024693,0.021416303
Arguing that someone should do something because other people are doing it is a description of which of the following fallacies?,appeal to common practice,snob appeal,argument by consensus,appeal to tradition,A,True,0.7250476,0.09812452,0.16177998,0.015047882
Which of the following describes the fallacy of false consolation?,arguing against a position based only on negative personal feelings toward the position,responding to charges of wrongdoing by saying others do things as bad or worse,arguing that someone is not really harmed because things could be worse or by pointing out what they have to be thankful for,using threats of harm instead of reasoning to get agreement,C,False,0.4319476,0.18006255,0.33640113,0.051588785
Which of the following fallacies happens when someone concludes that a legitimate generalization necessarily applies to a particular case?,False dilemma,Circular reasoning,Accident,Bifurcation,C,True,0.23505996,0.2663578,0.4391498,0.05943246
Which of the following best describes the fallacy of poisoning the well?,"a way of suppressing evidence that eliminates a source of evidence from consideration by claiming the source is flawed, when there is no true relationship between the alleged flaw and the reliability of the source","arguing that a claim should be accepted based on evidence that is not presented, but asserted to be well known or obvious.","arguing something should be done based only on evidence that it's been done that way in the past, or should be believed only because it's been believed for a long time.",reasoning that a claim is true based only on the evidence that it has been made so often.,A,True,0.85087705,0.06163733,0.0791439,0.0083417045
Which of the following describes the straw person fallacy?,arguing someone should do something only because it will make him or her better liked,"saying an opposing arguer has taken a position that you can easily defeat, when he or she has not taken that position, then going on to defeat that position and claim to have done significant damage to that arguer's overall argument",attacking the character or background of an opposing arguer instead of responding to that person's arguments with good evidence and sound reasoni,responding to an argument with an expression of derision instead of a counter argument,B,False,0.36447063,0.25049677,0.36447063,0.020562027
Which of the following is another name for appeal to the people?,argument by consensus,appeal to beliefs,no true Scotsman,overlooked evidence,A,True,0.43036538,0.20329021,0.3351689,0.031175565
Which of the following describes the fallacy of appeal to tradition?,reasoning that a claim must be true because it's been made so often,reasoning that a claim must be true because a regular person believes it,reasoning that a claim must be true because it's been believed in the past,reasoning that a claim must be true because a lot of people believe it,C,False,0.78902704,0.08316284,0.1067832,0.021026857
Which of the following is the best explanation of the fallacy of loaded language?,"Using emotionally charged language to create an impression about the subject of a claim, without making an argument that the language fits the subject.",Referring to an act committed by an opponent in negative terms while referring to the same act committed by the arguer or supporters in favorable terms.,"Using language and punctuation in a way that a statement can have multiple interpretations, so it's not really clear what is meant.",Confusing figurative language with literal language,A,True,0.7011285,0.10752154,0.15644291,0.034907132
Automatically rejecting a claim just because it's traditional is...,Not reasonable,An appeal to tradition,An appeal to the masses,Reasonable,A,True,0.47604483,0.25480846,0.22486766,0.04427907
A slippery-slope pattern of argument is fallacious when...,It is hypothetical,There is good reason to think that doing one action will inevitably lead to another undesirable action,There are only two possible results,There is no good reason to think that doing one action will inevitably lead to another undesirable action,D,False,0.17193802,0.2207728,0.41245788,0.1948313
Which of the following best describes the fallacy of special pleading?,"Reasoning that ideas presented in an appealing manner are correct, regardless of the content of the message.","Using language and punctuation in a way that a statement can have multiple interpretations, so it's not really clear what is meant.",Confusing figurative language with literal language.,Referring to an act committed by an opponent in negative terms while referring to the same act committed by the arguer or supporters in favorable terms,D,False,0.27094764,0.21101426,0.3070239,0.21101426
Whether someone is hypocritical regarding her claims is...,Irrelevant to her character,Evidence that the claims are false,Irrelevant to the truth of the claims,Relevant only in court,C,True,0.3157641,0.1915206,0.45943406,0.033281293
"If someone says if you do something it will lead to extreme consequences, but doesn't provide you with any evidence of a cause and effect relationship between your act and those consequences, that person has probably committed which of the following fallacies?",ad nauseam,self evident truths,slippery slope,suppressed evidence,C,True,0.013149115,0.04589492,0.92182416,0.019131849
The concomitant variation fallacy is,attributing the cause of an event to a single cause when the cause is more complicated,"arguing that since two events happened at the same time, one event must have caused the other",arguing that since one event preceded another event it must have caused the second event,drawing a conclusion based on sign reasoning when there is not really a direct relationship between the alleged sign and the subject of the conclusion,B,False,0.6041951,0.17310481,0.17310481,0.049595356
""" _Ad novitatem_ "" is a specific kind of fallacy of",Division,False sign,False cause,Hasty Generalization,B,False,0.19734432,0.2236204,0.4734044,0.10563081
Rejecting a claim by criticizing the person who makes it rather than the claim itself is known as the fallacy of...,Division,Appeal to emotion,Composition,Appeal to the person,D,False,0.446958,0.14510602,0.39443904,0.013496962
Which of the following best describes the fallacy of amphiboly?,"Using emotionally charged languages to create an impression about the subject of a claim, without making an argument that the language fits the subject.",Referring to an act committed by an opponent in negative terms while referring to the same act committed by the arguer or supporters in favorable terms.,"Using grammar and punctuation in a way that a statement may have multiple interpretations, so it's not really clear what is meant.",Changing the meaning of a word or phrase from one part of the argument to another.,C,False,0.4844858,0.22885488,0.25932658,0.027332818
"When someone uses grammar or punctuation in a way that makes a statement have more than one possible interpretation, that person may have committed which of the following fallacies?",Amphiboly,Hypostatization,Question begging epithets,Style over substance,A,True,0.43913054,0.14256482,0.3419952,0.07630945
Telling people that they haven't been harmed because there is something they should be thankful for commits which of the following fallacies?,genetic fallacy,horse laugh,false consolation,appeal to joy,C,True,0.10535039,0.13527258,0.68697083,0.07240619
