0,1,2,3,4,5,llama_7B_llamatokenizer_alpacacode_sharegpt_qy_vic_2000_gpt4op_Gptnone_Tptalpaca_correct,llama_7B_llamatokenizer_alpacacode_sharegpt_qy_vic_2000_gpt4op_Gptnone_Tptalpaca_choiceA_probs,llama_7B_llamatokenizer_alpacacode_sharegpt_qy_vic_2000_gpt4op_Gptnone_Tptalpaca_choiceB_probs,llama_7B_llamatokenizer_alpacacode_sharegpt_qy_vic_2000_gpt4op_Gptnone_Tptalpaca_choiceC_probs,llama_7B_llamatokenizer_alpacacode_sharegpt_qy_vic_2000_gpt4op_Gptnone_Tptalpaca_choiceD_probs
"Based on the characteristic population curves that result from plotting population growth of a species, the most effective means of controlling the mosquito population is to",maintain the population at a point corresponding to the midpoint of its logistic curve,opt for zero population control once the K value of the curve has been reached,reduce the carrying capacity cif the environment to lower the K value,increase the mortality rate,C,False,0.4088039,0.28096655,0.11712428,0.1931053
A frameshift mutation is created when,telomeric sequences are removed from DNA,a codon's nucleotide sequence changes so that it calls for production of a different amino acid than the original one,a base pair is either inserted or deleted in a gene,a codon's nucleotide sequence is changed so that instead of coding for a given amino acid it acts to terminate translation,C,False,0.3810513,0.5544264,0.024359794,0.040162515
"To prevent desiccation and injury, the embryos of terrestrial vertebrates are encased within a fluid secreted by the",amnion,chorion,allantois,yolk sac,A,True,0.50152194,0.23690219,0.09875553,0.16282034
Which of the following is a second messenger that stimulates release of calcium ions into the cytoplasm?,Prostaglandins,Inositol triphosphate,Cyclic AMP,Calmodulin,B,True,0.27744544,0.587352,0.03313613,0.10206647
Synthesis of an RNA/DNA hybrid from a single-stranded RNA template requires,a DNA or RNA primer and reverse transcriptase,a DNA or RNA primer and DNA polymerase,RNase only,reverse transcriptase only,A,True,0.59394747,0.24759413,0.055245724,0.103212595
"In order for the Hardy-Weinberg law to operate with respect to a population of organisms, each of the following conditions must be met EXCEPT:",Genes are exchanged with other populations.,Population size is large.,Natural selection does not take place.,Matings are random.,A,True,0.41916212,0.15420114,0.056727424,0.3699093
The Barr body found within female mammalian cells' nuclei is an example of,euchromatin,heterochromatin,a cistron,pseudogenes,B,False,0.6943693,0.19894014,0.023760011,0.08293059
Which of the following is NOT a source of atmospheric carbon?,Respiration,Photosynthesis,Bacterial decomposition,Combustion of fossil fuels,B,False,0.14501248,0.34786686,0.11293584,0.3941848
The concept of punctuated equilibrium refers to,oscillating ecological successional stages,"ecological succession arrested by sudden environmental changes, e.g., fire",persistent predator-prey relationships in relatively stable environments,bursts of speciation followed by relatively unchanging lineages,D,True,0.21487516,0.27590516,0.054328952,0.45489073
"When an influenza virus enters a cell, it immediately starts to do which of the following?",Incorporate viral DNA into the host cell’s chromosome,Destroy the host cell’s transcriptional machinery,Replicate its genetic material and synthesize viral proteins,Use a viral copy of reverse transcriptase to manufacture viral DNA,C,True,0.29038695,0.19957983,0.37286422,0.13716908
Cleavage symmetry arising from early cell divisions that occur at an oblique angle to the polar axis is known as,meroblastic cleavage,radial cleavage,spiral cleavage,superficial cleavage,C,False,0.5358511,0.25311813,0.105515346,0.105515346
Targeting of a newly synthesized protein is most likely to require two different signal peptides for which of the following destinations?,Plasma membrane,Lysosome,Cytosol,Chloroplast,D,False,0.36463642,0.2506107,0.13414225,0.2506107
"In Sweden, the red fox (Vulpes vulpes) severely limits populations of its prey, including hares. However, red fox populations are sometimes attacked by a fatal parasite, the mange mite. As mite population sizes increase at a given site, how are hare and fox populations most likely to respond at the same site? (Assume that hares have no major predators at this site other than foxes.)",Both fox and hare populations will decrease.,Both fox and hare populations will increase.,Fox populations will decrease and hare populations will increase.,Fox populations will increase and hare populations will decrease.,C,False,0.4980398,0.18321861,0.111127704,0.20761387
"A cell nucleus contains which of the following?
I. DNA
II. Protein
III. RNA",I only,II only,III only,"I, II, and III",D,True,0.16829443,0.029245185,0.048217155,0.75424325
"In one taxonomic classification, Archaea, Eukarya, and Bacteria represent the three major domains of life. Eukarya utilize the general transcription factors TBP (TATA-binding protein) and TFIIB in transcription, whereas Bacteria do not. At least one member of Archaea has a protein similar to TBP and a protein similar to TFIIB. Based on this observation, which of the following scenarios is most likely?",Archaea and Eukarya diverged after their common ancestor diverged from Bacteria.,Archaea and Bacteria diverged after their common ancestor diverged from Eukarya.,Bacteria and Eukarya diverged after their common ancestor diverged from Archaea.,"Archaea, Eukarya, and Bacteria diverged simultaneously from a common ancestor.",A,True,0.5884168,0.2779484,0.017768648,0.11586614
A rise in intracellular free calcium in the sea urchin oocyte causes the release of proteolytic enzymes which act to prevent polyspermy. The events just described entail the,zona reaction,acrosomal reaction,cortical reaction,fertilization reaction,C,False,0.5667289,0.16237055,0.086910695,0.18398993
Which of the following is a benefit that mycorrhizal fungi confer to many plants?,They protect plant roots from desiccation in extremely dry habitats.,"They fix nitrogen, which is particularly important for plants in nitrogen-limited habitats.","They provide access to phosphorus, an essential element that is limited in many kinds of soils.",They provide carbon to plants in exchange for fixed nitrogen.,C,False,0.23839775,0.27014002,0.14459553,0.34686667
"Experiments on song development in birds have shown that when a young male reared in isolation hears only the song of a different bird species, he will develop an adult song repertoire that lacks certain characteristics typical of his own species. This result shows that the song of his species is most likely",entirely learned during development,entirely instinctive,both instinctive and learned,dependent upon hormones for proper development,C,False,0.6198311,0.20122969,0.09505418,0.083885014
Which of the following most accurately describes a retrotransposon?,A DNA sequence that can move from one site in the genome to another without replicating,A DNA sequence that can be deleted from the genome without consequence,A DNA sequence that replicates via an RNA intermediate,A DNA sequence that replicates via a protein intermediate,C,False,0.6895413,0.13577873,0.03890126,0.13577873
The soils of which of the following biomes has the highest rate of leaching and cycling of nutrients?,Tropical rain forest,Tundra,Taiga,Desert,A,False,0.3966171,0.100280516,0.053676292,0.44942608
Which of the following best explains why enzymes are effective in facilitating chemical reactions?,"They raise the temperature of the reaction mixture, thereby speeding up the conversion of reactants to products.",They alter the equilibrium constant of a reaction (K_eq) so that more reactant can be converted to product.,They increase the maximal rate of the chemical reaction (V_max).,"They lower the activation energy, thereby speeding up the conversion of reactants to products.",D,True,0.20603186,0.18182246,0.05209301,0.56005263
"In the growth of a population, the point at which natality and mortality rates are equal to one another is referred to as",a population crash,a population explosion,zero population growth,exponential growth,C,False,0.4713265,0.22263888,0.15301731,0.15301731
The wings of a bat and the wings of a butterfly are,homologous structures,analogous structures,vestigial structures,dissimilar in form and function,B,False,0.789044,0.1067855,0.009932598,0.09423787
The cell type comprising the pith tissue centered within a dicot stem is the,parenchyma,sclerenchyma,vascular cambium,vascular bundle,A,True,0.6093856,0.19783854,0.072780736,0.11999514
Mobile regions of DNA capable of inserting themselves into an existing genome are,prions,cistrons,introns,transposons,D,True,0.10326295,0.3180723,0.17025183,0.4084129
"The process in which pioneer species colonize a bare substrate such as rock, sand, or glacial till is known as",weathering,stabilizing succession,secondary succession,primary succession,D,False,0.73514193,0.14475803,0.08780018,0.032299884
Brood parasites such as the cuckoo successfully trick other species of birds into rearing their young by exploiting the host birds' instinctive response to the loud begging cues of a fledgling in their nest. The genes that allow the host bird species to be duped into rearing the cuckoo fledglings to the detriment of their own offspring most likely remain in the gene pool of the population because,"on average, the host birds' response allows them to rear their own young efficiently by feeding only those who indicate they are hungry",the maximum fitness of the duped bird is not compromised when the bird rears an interloper of another species,"on average, little energy is spent on rearing a fledgling bird, whether it is an interloper or one's own",the maximum fitness of the cuckoo would then be reduced,A,True,0.2866128,0.2529349,0.17383946,0.2866128
"Cell motility, as viewed in a cultured fibroblast, encompasses all of the following EXCEPT",adhesion plaques,vinculin,clathrin,lamellipodia,C,False,0.3765897,0.15698594,0.039692264,0.42673203
"According to Hamilton’s rule, an altruistic trait can evolve if c < br, where c is the fitness cost of the altruistic behavior to the donor, b is the fitness benefit to the recipient, and r is the",coefficient of relatedness,frequency of the altruistic allele,inbreeding coefficient,rate of reciprocity,A,False,0.24167733,0.2132795,0.1465847,0.39845854
Adaptations of plants to minimize water loss in environments with high temperatures include which of the following?,Numerous stomata,Thin cuticles,Spines instead of leaves,Large surface-to-volume ratios,C,False,0.4790831,0.19971155,0.030626757,0.29057857
All of the following might be found in connective tissue EXCEPT,thrombin,glycosaminoglycans,collagens,fibroblasts,A,False,0.27764884,0.21623315,0.1021413,0.40397668
Which of the following is typically NOT found in normal somatic cells of a human male?,The entire genetic information possessed by the original zygote,An inactivated X chromosome,Forty-four autosomes,A diploid nucleus,B,False,0.7186567,0.124883816,0.03157557,0.124883816
"The members of a bird species capable of nesting in treetops or on the ledges of nearby cliffs make their homes only in the treetops due to the established presence of a more aggressive bird species on the cliff ledges. With respect to habitat, the treetop-nesting birds are utilizing",their fundamental niche only,their realistic niche only,their ecological niche only,neither their fundamental niche nor their realistic niche,B,False,0.48445714,0.22884133,0.057860155,0.22884133
All of the following characteristics are typical of r-selected species EXCEPT,high reproductive rate,small body size,occupancy of unstable environments,high competitive ability,D,False,0.48602134,0.20260383,0.05122627,0.2601485
A DNA strand with the sequence 5′ CGA TTG 3′ would be complementary to the sequence,5′ GCU AAC 3′,5′ GCT AAC 3′,5′ GTT AGC 3′,5′ CAA TCG 3′,D,False,0.44942608,0.3966171,0.053676292,0.100280516
Ferns undergo alternation of generations in which a,dominant sporophyte alternates with an independent gametophyte,dominant gametophyte alternates with a dependent sporophyte,sporophyte and a gametophyte have equal life spans,gametophyte produces gametes by meiosis,A,True,0.6929404,0.12041499,0.05019644,0.13644806
Which of the following statements concerning a sarcomere of a striated muscle (such as skeletal muscle) is correct?,During contraction H zones become elongated.,In the relaxed position tropomyosin impedes myosin's access to the binding site of actin.,Each myosin helical tail contains an actinbinding site and an ATP-hydrolyzing site.,"The proteins troponin and tropomyosin constitute the thick and thin filaments, respectively.",B,False,0.23040785,0.23040785,0.05141094,0.48777342
Aggressive ants live in the swollen thorns of a small tropical tree and feed on oil-rich bodies that the tree produces at the tips of its leaflets. Which of the following experiments best tests the hypothesis that ants defend the plant by either killing or chasing away leaf-feeding insects?,Remove ants and measure subsequent leaf damage.,Remove oil-rich bodies and measure subsequent ant density.,Remove the thorns and measure subsequent density of ants.,Remove leaf-feeding insects and measure subsequent ant density.,A,True,0.51741874,0.19034772,0.101885796,0.19034772
"The sight organs of crustaceans and insects contain ommatidia, which make up the individual visual units of the",eyespot,simple eye,compound eye,binocular eye,C,False,0.59777105,0.1177081,0.15114018,0.13338076
An embryologist studying the development of a vertebrate organism from the zygote stage to fetus would be justified in drawing which of the following conclusions?,Ontogeny recapitulates phylogeny.,"Early embryos display identical features of their class, order, and species.",An early human embryo has features in common with early fish and avian embryos.,A human embryo displays features of adult fish and birds in the course of its development.,A,True,0.64835554,0.18575698,0.053220265,0.1126673
"A stem-boring beetle has laid its eggs in the center of a 5-year-old wood twig, and the eggs have matured into larvae. In proper order (inside to outside), what tissues and tissue regions would the larvae encounter as they eat their way toward the outside of the twig? (For simplicity, assume that the epidermis has already fallen off completely.)",Pith; primary xylem; secondary xylem; vascular cambium; primary phloem; secondary phloem; cortex,Pith; secondary xylem; primary xylem; vascular cambium; secondary phloem; primary phloem; cortex,Pith; secondary xylem; primary xylem; vascular cambium; primary phloem; secondary phloem; cortex,Pith; primary xylem; secondary xylem; vascular cambium; secondary phloem; primary phloem; cortex,D,False,0.6025632,0.15235184,0.0494614,0.19562362
The following pairs were placed in solution together. Which two could be separated by performing low-speed centrifugation?,DNA and mRNA,Nuclei and secretory vesicles,Golgi apparatus and endoplasmic reticulum,Lysosomes and endosomes,B,False,0.69788474,0.15571913,0.039371964,0.107024096
Which of the following would increase the rate at which a gas diffuses between the alveoli of the lung and the blood within a pulmonary capillary?,Decreasing the partial pressure gradient of the gas,Decreasing the solubility of the gas in water,Increasing the total surface area available for diffusion,Decreasing the rate of blood flow through the pulmonary capillary,C,False,0.45669493,0.1308453,0.2444512,0.16800869
The structures that act as sites of gas exchange in a woody stem are the,lenticels,terminal buds,nodes,internodes,A,False,0.3248988,0.15347132,0.15347132,0.36815858
Natural enemies have been implicated as a strong selective force for all of the following EXCEPT,aposematic coloration,chemical defenses,masting (synchronous fruiting),lekking behavior,D,False,0.3677918,0.28643656,0.09299233,0.25277936
Which of the following is NOT a characteristic of introns?,They occur only in eukaryotes.,They represent noncoding regions.,They are found interspersed with exons on a region of DNA that codes for a polypeptide chain.,They are excised from the primary transcript before it gains a 5' cap and a 3' poly(A)tail.,D,True,0.14759026,0.16724168,0.1014372,0.5837308
A healthy person sitting at rest consciously begins to breathe too fast. Which of the following describes the change in the person’s blood caused by this hyperventilation?,A decrease in partial pressure of carbon dioxide and an increase in concentration of hydrogen ions,A decrease in partial pressure of carbon dioxide and a decrease in concentration of hydrogen ions,An increase in partial pressure of carbon dioxide and an increase in concentration of hydrogen ions,An increase in partial pressure of carbon dioxide and a decrease in concentration of hydrogen ions,B,False,0.91684204,0.051724687,0.0070001753,0.024433013
Which of the following is the correct anatomical order of structures in the mammalian female reproductive tract?,"Oviduct, uterus, rete, vagina","Oviduct, epididymis, uterus, vagina","Ovary, oviduct, uterus, vagina","Ovary, uterus, vagina, rete",C,False,0.8954067,0.05051539,0.027038941,0.027038941
A marine ecosystem region characterized by penetrance of solar radiation and upwelling of nutrients is the,bathyl zone,neritic zone,pelagic zone,benthyl zone,B,False,0.7303839,0.05995356,0.16297068,0.046691876
"In humans, a hereditary disorder called xeroderma pigmentosum (XP) can result in the inability to repair ultraviolet damage to DNA. Which of the following molecular lesions is most likely to accrue in individuals with XP?",Thymine dimers,Deamination of cytosine,Depurination,Single strand DNA breaks,A,True,0.63329005,0.12470221,0.009033397,0.2329744
Chemosynthetic bacteria can produce their own food despite their lack of photonabsorbing pigments because the chemosynthetic bacteria derive energy by,"oxidizing inorganic substances such as ammonia, sulfur, or hydrogen","reducing inorganic substances such as ammonia, sulfur, or hydrogen",oxidizing organic compounds,transducing light energy into chemical energy,A,True,0.54319596,0.2565876,0.15562825,0.044588238
All of the following may serve as intracellular messengers EXCEPT,calcium ions,cAMP,acetylcholine,"inositol 1,4,5-triphosphate",C,False,0.322817,0.284885,0.026498433,0.36579958
All of the following statements about plant embryogenesis are correct EXCEPT:,The suspensor is derived from the basal cell.,Cotyledons are derived from the apical cell.,Shoot apical meristem formation occurs after seed formation.,Precursors of all three plant tissue systems are formed during embryogenesis.,C,False,0.25757977,0.073797844,0.05072047,0.6179018
Mouse sperm contain receptor proteins that bind to a glycoprotein (ZP3) in the zona pellucida of mouse eggs. Binding of ZP3 receptors to ZP3 initiates the sperm’s acrosomal reaction. All of the following experimental observations would be expected EXCEPT:,Injecting eggs with antibodies that bind to ZP3 blocks in vitro fertilization.,Incubating sperm with purified ZP3 prior to mixing sperm and eggs blocks in vitro fertilization.,Incubating eggs with antibodies that bind to ZP3 blocks in vitro fertilization.,"Coating synthetic beads with a different glycoprotein, ZP2, fails to lead to sperm aggregation on the beads.",A,True,0.5600823,0.23347704,0.045974355,0.16046627
Which of the following factors does NOT promote linkage disequilibrium?,Asexual reproduction,Coadapted gene complexes,Epistasis,Random mating,D,False,0.5612862,0.14191538,0.0316656,0.2651328
"In an experiment, the first cleavage plane of an amphibian zygote was manipulated so that the gray crescent was contained in only one of the two blastomeres that result from the first cleavage. The two blastomeres were then separated. What is the expected fate of the blastomeres?",The blastomere with the gray crescent will grow in size more quickly than the one without the gray crescent.,"The blastomere with the gray crescent will form a complete, but small, embryo.","The blastomere without the gray crescent will form a complete, but small, embryo.",The blastomere with the gray crescent will stop dividing and die before the second cleavage.,B,False,0.4015744,0.35438818,0.054347184,0.1896903
"Nerve outgrowth from a developing neuron begins at the growth cone, located at the tip of the axon. Microspikes of the growth cone extend and retract in order to move the growth cone forward. Exposure of the neuron to cytochasalin B at this stage of development causes",microtubules in the axon to undergo reversible dissociation,microtubules in the axon to undergo irreversible dissociation,microfilaments in the microspike to undergo reversible depolymerization,microfilaments in the microspike to undergo irreversible depolymerization,C,False,0.54419625,0.29128727,0.05735786,0.107158594
Monoclonal antisera are distinguished from polyclonal antisera in which of the following ways?,Each type of antibody in a monoclonal antiserum reacts against a single region of a single antigen; each type of antibody in a polyclonal antiserum reacts against multiple regions of different antigens.,A monoclonal antibody reacts against multiple regions of a single antigen; a polyclonal antibody reacts against a single region of related antigens.,A monoclonal antiserum contains antibodies secreted from the descendants of a single B lymphocyte; a polyclonal antiserum contains antibodies secreted from the descendants of different B lymphocytes.,A monoclonal antiserum contains antibodies secreted from the descendants of a single B lymphocyte; a polyclonal antiserum contains antibodies secreted from the descendants of both B and T lymphocytes.,C,False,0.86664,0.08061008,0.023095172,0.029654788
The first groups of animals to develop lung tissue adequate to support their respiratory requirements without the use of supplementary gas exchange organs were the,amphibians,reptiles,mammals,trematoda,B,False,0.563756,0.1615188,0.20739424,0.06733105
Which of the following is a biological attribute that would most likely allow a species to become cosmopolitan in distribution?,Extreme habitat specialization,K-selected reproductive rate,Limited dispersal abilities,Capacity for long-distance dispersal,D,True,0.099428624,0.05322031,0.1126674,0.7346837
"In the formation of the earliest cells, which of the following components most likely arose first?",Nucleus,Plasma membrane,Mitochondrion,Flagellum,B,False,0.7283124,0.12656172,0.04655945,0.09856636
"Which of the following facts was established prior to 1859, the year in which Charles Darwin published On the Origin of Species?",DNA provides the macromolecular basis of heredity.,Mendelian principles explain why some traits are dominant and others are recessive.,"Prokaryotes include two major domains, the Bacteria and the Archaea.",There exist fossilized remains of species that have become extinct.,D,False,0.64835554,0.18575698,0.053220265,0.1126673
Fungi participate in each of the following EXCEPT,photosynthesis to produce glucose,fermentation to produce alcohol,association with humans to produce ringworm,association with the roots of plants to form mycorrhizae,A,False,0.27864078,0.1915068,0.07045142,0.45940095
"In chloroplasts, a certain protein is found in the lumen of the thylakoid (thylakoid space). It is transcribed in the nucleus and synthesized on cytoplasmic ribosomes. How many membrane bilayers must this protein cross to reach its final location?",One,Two,Three,Four,C,False,0.3235463,0.22236991,0.038642097,0.41544166
"During the mammalian cardiac cycle, a volume of blood equivalent to ventricular stroke volume is transferred from the more compliant venous side to the less compliant arterial side of the circulation. In terms of pressures within the venous and arterial compartments, this transfer results in",no change in pressure in either compartment,no effect on venous pressure and a small increase in arterial pressure,an increase in venous pressure and an equal but opposite decrease in arterial pressure,little effect on venous pressure and a large increase in arterial pressure,D,False,0.3789724,0.20284933,0.12303433,0.29514402
Which of the following statements concerning the Golgi apparatus of a eukaryote is correct?,It is oriented in the cytoplasm so that its cis face is closest to the endoplasmic reticulum.,It is typically associated with small secretory vesicles located near its cis face.,Its composite flattened cisternae are continuous with one another.,Glycosylation of certain secretory proteins occurs prior to the protein's entry into its lumen.,A,True,0.35628748,0.35628748,0.04255247,0.24487257
The first point of entry of water at the roots of a monocot plant is through the cytoplasm of cells of the,root cap,Casparian strip,pericycle,endoderm,D,False,0.6722495,0.24730678,0.017914843,0.062528946
Which of the following plant cells undergoes programmed cell death to become functional?,Phloem sieve tube member,Xylem vessel member,Stomatal guard cell,Root cap cell,B,False,0.57925844,0.12925003,0.07839411,0.21309727
Which of the following characteristics distinguishes angiosperms from gymnosperms?,Perennial growth,True roots,Apical growth,Seeds enclosed in ovaries,D,True,0.3300263,0.034784514,0.018618809,0.6165703
"A species of goose nests on both cliffs and beaches near the ocean. Soon after hatching, all chicks must make their way to the ocean. Chicks from cliff nests must tumble down the cliff to get to the ocean, and many are killed by the fall. Which of the following is most consistent with the hypothesis that cliff nesting is adaptive in this goose species?",Many more geese nest on the beaches than on the cliffs.,Cliff-side nesting confers a higher fitness than does beach nesting.,Chicks from cliff nests instinctively step off the cliffs at the appropriate time.,More chicks survive the fall from the cliffs than are killed.,B,False,0.41829523,0.28748983,0.119843595,0.17437139
Immunoglobulins having epsilon heavy chains and located on the plasma membranes of mast cells and basophilic leukocytes belong to the class of antibodies called,IgE,IgA,IgD,IgM,A,True,0.61775994,0.12164415,0.083604716,0.1769912
"A fluorescent molecule of 1,000 daltons injected into one cell is observed to enter an adjacent cell by passing through a",spot desmosome,belt desmosome,gap junction,tight junction,C,False,0.478481,0.1370871,0.09421849,0.2902134
Annelids and arthropods are similar to each other in that members of both phyla,have segmented bodies,have a closed circulatory system,conduct gas exchange by diffusion through a moist membrane,have well-developed sense organs,A,True,0.51742554,0.1482449,0.089915074,0.24441451
Approximately what fraction of the human genome encodes proteins?,2%,25%,50%,90%,A,True,0.4839057,0.15710118,0.065489516,0.29350364
Which of the following statements is true of air as compared to water?,Air provides more physical support.,Air has a higher O2 concentration.,Air offers more resistance to motion.,Air has more thermal inertia.,B,False,0.4506291,0.35095027,0.032643463,0.16577718
Which of the following is true of organisms belonging to the kingdom Protista?,They are eukaryotic.,They include the cyanobacteria.,They are heterotrophic.,They possess cell walls composed of peptidoglycan.,A,True,0.55825335,0.18123832,0.027793797,0.23271461
The section of chromosome that serves as the site of attachment by the mitotic spindle during cell division is the,chromatophore,chromomere,kinetochore,centriole,C,True,0.24000832,0.24000832,0.3081768,0.21180661
A plant that grows along a trellis exhibits,thigmotropism,phototropism,gravidotropism,negative gravidotropism,A,True,0.54211146,0.13706724,0.064745985,0.25607532
"If the activity of an enzyme is constant over a broad range of pH values, it is likely that",only ionizing groups on the enzyme participate in the reaction,only ionizing groups on the substrate participate in the reaction,ionizing groups on both the enzyme and substrate participate in the reaction,no ionizing groups on the enzyme or substrate participate in the reaction,D,False,0.4054419,0.21701743,0.24591295,0.13162771
"In garden peas, the allele for tall plants (D) is completely dominant to the allele for dwarf plants (d) and the allele for violet flower color (W) is completely dominant to the allele for white flower color (w). In a cross between a tall violet plant, with the genotype DDWw, and a dwarf white plant, what phenotypic ratio of the progeny would be expected from this cross?",All tall violet,1 tall violet: 1 dwarf violet,1 tall violet: 1 tall white: 1 dwarf violet: 1 dwarf white,1 tall violet: 1 tall white,D,False,0.7338117,0.07734318,0.16373552,0.025109654
Cancer cells grown in culture are similar to normal cells grown in culture in that they,divide an indefinite number of times,do not display contact inhibition,require a surface for attachment in order to grow,proliferate to the same cell density,C,False,0.53747797,0.13589571,0.072739735,0.2538866
Which of the following techniques could be used to demonstrate protein binding to specific DNA sequences?,Western blot hybridization,Northern blot hybridization,Southern blot hybridization,Electrophoretic mobility shift assay,D,False,0.5682519,0.1628069,0.032058578,0.23688263
Adequate serum levels of calcium are maintained in humans by the secretion of,thyroxine,glucagon,growth hormone,parathyroid hormone,D,True,0.043555096,0.09220614,0.09220614,0.77203256
The amino acid ornithine is regenerated during each turn of the urea cycle in a similar manner to which of the following participants in the citric acid cycle?,Succinate,Fumarate,Oxaloacetate,Citrate,C,False,0.23832366,0.30601364,0.18560666,0.2700561
Which is a characteristic unique to angiosperms?,Wind-borne pollen,A dominant sporophyte life cycle,Alteration of generations,Double fertilization,D,False,0.5771828,0.100299336,0.01357404,0.30894372
Mammals are homeostatic for all of the following EXCEPT,body temperature,blood glucose concentration,blood pH,metabolic rate,D,False,0.44403386,0.16335094,0.087435454,0.30517972
The crouching of very young birds in response to a predator’s shape overhead is an example of,a conditioned response,a fixed action pattern,an imprinted behavior,learned behavior,B,False,0.44296664,0.30444622,0.06793114,0.18465596
"Among primates, a high degree of sexual dimorphism in a species usually indicates intense competition between",males in order to obtain individual food resources,males in order to obtain mates,females in order to obtain individual food resources,females in order to obtain mates,B,False,0.58329594,0.3537869,0.03728886,0.025628235
Which of the following tissues in an actively photosynthesizing plant would have the highest rate of oxygen production?,Cortex,Palisade mesophyll,Epidermis,Vascular cambium,B,False,0.35866708,0.19198066,0.09068524,0.35866708
"A recent theory concerning an unusual rise in asthma attacks following a thunderstorm proposes that while pollen grains at 5 microns are too large to enter the airways, their exposure to water precipitates the release of starch granules as a result of osmotic shock. The starch granules are small enough to enter the lower airways and trigger an asthmatic attack. If this theory is true, which of the following is a correct statement?",The interior of the pollen grains was hypotonic compared to the surrounding environment.,The interior of the pollen grains had a higher osmotic pressure than did the surrounding environment.,The pollen grains underwent plasmolysis prior to releasing their contents.,The pollen grains underwent shrinking before they ruptured and released their contents.,B,False,0.60714537,0.25309584,0.034252796,0.10550605
Hybrids between some related species of plants are sterile because the parent plants had different chromosome numbers. Occasionally the chromosome number of such a hybrid plant doubles spontaneously. Which of the following best describes the descendants of those plants with the double chromosome number?,The plant with the double chromosome number would be genetically defective and have no descendants.,The descendants would be at a selective advantage because of the increased ability to introgress.,The descendants would be reproductively successful because they could backcross with the parental species.,The descendants would regain the ability to reproduce sexually because chromosomes could pair normally.,D,False,0.24370557,0.31292415,0.1304462,0.31292415
Phalloidin is a toxin made by the death cap mushroom. The toxin binds to actin subunits and disrupts actin function. Which of the following structures would be most directly affected by phalloidin?,Intermediate filaments,Collagen fibers,Microfilaments,Microtubules,C,False,0.5485293,0.22866105,0.0841197,0.13868994
Hardy-Weinberg equilibrium generally assumes all of the following EXCEPT,a large population,genetic drift,random mating,absence of selection,B,False,0.39948627,0.14696279,0.054064587,0.39948627
Which of the following statements about fungi is NOT true?,They all are eukaryotic.,They all have rigid cell walls.,Most are filamentous.,Some are photosynthetic.,D,True,0.17955758,0.15845901,0.10890718,0.55307627
Which of the following is encoded by the src oncogene and catalyzes the specific addition of phosphate groups to cellular proteins?,Protein phosphatase,Adenylate cyclase,G protein-linked receptor,Tyrosine kinase,D,False,0.41865873,0.13591859,0.026763957,0.41865873
Both C4 and CAM plants employ physiological and biochemical strategies to reduce photorespiration. Which of the following is an accurate comparison of the two strategies?,"C4 plants fix CO2 as the 4-carbon acid oxaloacetate, while CAM plants fix CO2 as the 5-carbon acid ribulose 1, 5-bisphosphate.","C4 plants fix CO2 in the mesophyll but carry out the Calvin cycle in the bundle sheath, while CAM plants fix CO2 and carry out the Calvin cycle in the mesophyll.","C4 plants fix CO2 in the bundle sheath but carry out the Calvin cycle in the mesophyll, while CAM plants fix CO2 and carry out the Calvin cycle in the bundle sheath.","C4 plants store CO2 as phosphoglycolate, while CAM plants store CO2 as oxaloacetate.",B,False,0.37065318,0.13635568,0.42000508,0.07298594
"Which of the following depicts the correct sequence of membranes of the chloroplast, beginning with the innermost membrane and ending with the outermost membrane?","Thylakoid membrane, inner membrane, outer membrane","Inner membrane, outer membrane, thylakoid membrane","Outer membrane, inner membrane, thylakoid membrane","Strama, outer membrane, inner membrane",A,True,0.9601087,0.01992642,0.004446185,0.015518712
Antibiotics that affect bacterial cells interfere with all of the following EXCEPT,peptidoglycan synthesis,protein synthesis,DNA synthesis,reverse transcriptase,D,False,0.39730623,0.27306432,0.08865101,0.24097842
The polytene chromosomes seen in Drosophila silvarentis with the aid of a light microscope are,not actively carrying out transcription,produced only during mitosis,produced by repeated rounds of DNA replication followed by nuclear division,multiple copies of a single chromosome,D,False,0.3287146,0.22592203,0.15527378,0.2900896
Which of the following agents will induce polyploidy in a dividing eukaryote?,Penicillin,Colchicine,Tetracycline,Puromycin,B,False,0.5549236,0.2970292,0.05161594,0.09643126
Which of the following statements about mitochondria and chloroplasts is generally true?,Plants have chloroplasts but no mitochondria; animals have mitochondria but no chloroplasts.,Plants have chloroplasts but no mitochondria; fungi have mitochondria but no chloroplasts.,Plants and fungi have chloroplasts but no mitochondria; animals have only mitochondria.,Plants have both chloroplasts and mitochondria; animals and fungi have only mitochondria.,D,False,0.619182,0.17739862,0.0652613,0.13815819
How do cyanobacteria differ from green unicellular algae?,Cyanobacteria reduce sulfur compounds.,Cyanobacteria lack cell walls.,Cyanobacteria have no nuclei.,Green algae produce cell membranes.,C,False,0.40025192,0.40025192,0.06955335,0.12994277
Stabilization of the unique coiled structure of an alpha helix in a protein is primarily attributed to (A) hydrogen bonding between the peptide backbone atoms,hydrogen bonding between the peptide backbone atoms,disulfide bridges between cysteine side chains,carbohydrate moieties attached to polar amino acids,peptide linkages that covalently bond amino acids,A,True,0.6639369,0.16786954,0.020049158,0.14814435
The target of digestion of a nucleosome dimer to nucleosome monomers by DNase is,the H1 histone,"histones H2A, H2B, H3, and H4",the nucleosome core,linker DNA,D,False,0.47559327,0.47559327,0.014361672,0.03445186
A prokaryote that is thermophilic and methanogenic and has isoprenylglycerol ethers in its membrane instead of phospholipids is most likely,a proteobacterium,a spirochete,a member of the genus Chlamydia,an archaeon,D,True,0.14238621,0.067258485,0.067258485,0.72309685
All of the following environmental conditions increase the rate of transpiration from plants EXCEPT,high temperature,high relative humidity,low relative humidity,wind,B,False,0.55286306,0.2304676,0.058271337,0.15839793
Which of the following statements about embryonic cleavage is NOT true?,The presence of yolk inhibits cleavage.,Telolecithal eggs undergo meroblastic cleavage.,The vegetal pole undergoes cleavage more readily than does the animal pole,The rapid mitotic divisions of cleavage directly give rise to blastomeres.,C,False,0.35438818,0.1896903,0.054347184,0.4015744
"In eukaryotic photosynthetic cells, which of the following occurs when electrons flow cyclically through the electron transport chain associated with photosystem I?",Synthesis of ATP,Reduction of NADP+ to NADPH,Release of O2,Reduction of CO2 to sugar,A,False,0.35258162,0.45272374,0.04771673,0.14697787
Many marine birds drink seawater yet maintain their internal osmolarity at a constant level that is hypoosmotic to seawater. Which of the following physiological strategies best explains how the birds maintain their tissue osmolarity?,Marine birds absorb water from the environment through specialized salt-exchange glands and produce large volumes of dilute urine in the kidneys.,Marine birds absorb salts from the environment through specialized salt-exchange glands and produce large volumes of concentrated urine in the kidneys.,Marine birds excrete salts through specialized salt-exchange glands and excrete small volumes of urine.,Marine birds excrete salts and nitrogenous wastes through specialized nasal glands.,C,False,0.693984,0.2253036,0.023746826,0.05696567
"A species of small rodent eats seeds from only one species of pine. In normal years, a pair of these rodents will have a litter of two or three. It is unusual for small rodents to have such small litter sizes. The rodents are most likely to exhibit which other characteristic?",Moderate sexual size dimorphism,High parental investment,Precocial young,Frequent extrapair matings,B,False,0.44797808,0.27171245,0.068699665,0.21160986
Which of the following sources makes the greatest contribution to the dry mass of organic matter that comprises an oak tree?,Organic molecules from decaying matter in the soil that are taken up by the roots,Mineral nutrients dissolved in groundwater that are taken up by the roots,Water that is taken up by the roots and carbon dioxide from the air,Endosperm located in the cotyledons of the acorn,C,False,0.43103397,0.17968169,0.23071587,0.15856855
Which of the following must be true in order for evolution to have occurred?,The frequencies of some alleles in a population's gene pool has changed over successive generations.,The frequencies of some alleles in a population's gene pool has changed during the organisms' lifetimes.,The frequencies of each allele in a population's gene pool has remained constant over successive generations.,The frequencies of each allele in an organism's genotype has remained constant within the organism's lifetime.,A,True,0.714417,0.26281932,0.007936455,0.014827251
"From an evolutionary perspective, the optimality theory as applied to a given trait is best represented by the idea that","if the benefits gained from the trait exceed the cost of the trait to the animal performing them, that trait will persist in the genome","if the trait reaps the best return for the cost relative to alternative forms of the trait, that trait will win out over the alternative forms","beneficial traits are always worth the cost to the organism in energy and physiology, so those traits will persist in the genome",the relative fitness of an organism must be improved due to a specific trait in order for the trait to remain in a population's gene pool,B,True,0.22709173,0.42426318,0.121553436,0.22709173
"In the presence of alcohol dehydrogenase, the rate of reduction of acetaldehyde to ethanol increases as the concentration of acetaldehyde is increased. Eventually, the rate of the reaction reaches a maximum, after which point further increases in the concentration of acetaldehyde have no effect. Which of the following is true at the maximal rate of reaction?",Nearly all of the enzyme molecules are interacting with acetaldehyde molecules.,The activation energy of the reaction decreases.,The change in free energy of the reaction decreases.,The enzyme is no longer specific for acetaldehyde.,A,True,0.5528631,0.15839794,0.05827134,0.23046763
Which of the following best explains how mutations in DNA can result in the expression of a new phenotype?,A different polypeptide is produced.,The polarity of tRNA becomes the opposite of that of DNA.,Nucleic acids are methylated.,The gene is now read in the 3′ to 5′ direction.,A,True,0.87990135,0.06373984,0.00671813,0.049640637
A competitive inhibitor of an enzyme exerts its effect by,"irreversibly forming covalent links with the enzyme, effectively preventing the enzyme's dissociation from it",irreversibly modifying some of the amino acid residues that help to comprise the enzyme's active site,competing with the substrate molecule for the same enzyme but a different binding site than the substrate binding site,reversibly decreasing the number of enzyme molecules that are available to bind substrates,D,False,0.624913,0.2605025,0.03994935,0.074635215
The ability of the brain to detect differences in stimulus intensity is best explained by the fact that which of the following varies with the stimulus intensity?,The amplitude of the action potential,The threshold potential,The number of action potentials per second,The number of synapses crossed,C,False,0.41730574,0.28680977,0.072516866,0.22336768
Which of the following is the best explanation for why net primary productivity in terrestrial ecosystems tends to increase toward the tropics?,The higher species diversity in the tropics tends to increase plant growth.,There are lower metabolic costs to plant growth in the tropics.,The availability of water and warm temperatures in the tropics fosters photosynthesis.,The tropics have more predators that minimize herbivory.,C,False,0.4953738,0.26515448,0.14192697,0.097544886
Proteins were shown to move about in a plane of the plasma membrane when mouse cellsurface proteins and human cell-surface proteins were observed to integrate along a fused mouse-human cell plasma membrane. Which of the following cell culture techniques was most likely employed in order to yield these results?,Producing a heterokaryon,Producing a hybrid cell,Isolating an immortal variant cell from culture and using it to create a cell line,Inserting a tumor-inducing virus into a normal cell to initiate transformation,A,True,0.5501668,0.20239505,0.13910395,0.108334266
Gene flow between populations results in,an increase in genetic homogeneity in the metapopulation,an increase in the rate of deleterious mutations in the metapopulation,an increased likelihood of speciation,disruption of Hardy-Weinberg equilibrium in the metapopulation,A,True,0.41829523,0.17437139,0.119843595,0.28748983
A subunit of DNA and protein consisting of 134-base-pair long stretches of DNA surrounding a protein octomer is called (a),histone,chromatin,nucleosome,solenoid,C,False,0.64315194,0.20880087,0.11176305,0.03628415
Which of the following would be the most dependable environmental signal that a plant in a temperate ecosystem could use to initiate flowering at the correct time of the year?,Circadian rhythm,Photoperiod,Changing air temperature,Fluctuations in abscisic acid levels,B,False,0.5290912,0.17177075,0.04921315,0.24992497
Mitochondria isolated and placed in a buffered solution with a low pH begin to manufacture ATP. Which of the following is the best explanation for the effect of low external pH?,"It increases the concentration of OH-, causing the mitochondria to pump H+ to the intermembrane space.",It increases the OH- concentration in the mitochondria matrix.,It increases the acid concentration in the mitochondria matrix.,It increases diffusion of H+ from the intermembrane space to the matrix.,D,False,0.50134665,0.23681939,0.052841548,0.20899238
An organism belonging to the nekton is which one of the following?,Whale,Barnacle,Cyanobacterium,Protist,A,True,0.56730634,0.1434375,0.052767713,0.23648846
A behavioral response called a fixed action pattern shown by animals,occurs the second time an animal is exposed to the correct stimulus at the appropriate time in its life,occurs in the absence of sensory feedback,is a motor response which once released may be terminated spontaneously,is triggered by a number of sensory signals in the animal's environment,B,False,0.21159947,0.11326103,0.09995251,0.57518697
Which of the following adaptations would limit pollination by bees and promote hummingbird pollination?,Patterns of ultraviolet color on the petals,Modified petals to provide a landing space,Pendant (hanging) red-colored flowers,Nectar with high sugar concentration produced in limited amounts,C,False,0.32456526,0.10537091,0.15331377,0.41675004
"Double fertilization is a unique feature of flowering plants. In this process, one sperm unites with the egg to yield a zygote. The second sperm unites with the polar nuclei to initiate the formation of the",megagametophyte,endodermis,embryo,endosperm,D,True,0.24265438,0.11462182,0.24265438,0.40006945
Mutation of homeotic cluster genes often results in which of the following developmental defects in Drosophila?,Absence of a group of contiguous segments,Transformation of one segment into another,Polarity defects in every segment along the anterior-posterior axis,Tumor formation in imaginal discs,B,True,0.30889943,0.3500289,0.21230327,0.12876844
Root pressure created by a plant's roots causes water to enter the roots by,translocation,adhesion,osmosis,capillary action,C,False,0.44513234,0.18555877,0.09932245,0.26998642
Cellular uptake of cholesterol occurs through internalization of low density lipoproteincholesterol complexes. Cholesterol uptake involves all of the following EXCEPT,cell-surface receptors,adhesion plaques,endosome formation,receptor-mediated endocytosis,B,False,0.4691808,0.1523207,0.056035656,0.32246295
Two xylem plant cell types that provide support and conduct water and minerals are the,collenchyma and sclerenchyma,sieve tube members and companion cells,tracheids and vessel elements,vessel elements and companion cells,C,False,0.4814834,0.25771952,0.08366927,0.17712785
Which of the following statements about excretory organs is true?,The kidneys of saltwater fishes produce urine hyperosmotic to their tissues.,The kidneys of desert mammals produce urine that is hypoosmotic to the urine of freshwater fishes.,Malpighian tubules allow insects to excrete waste through the exoskeleton.,Juxtamedullary nephrons in the mammalian kidney allow the organism to produce hyperosmotic urine.,D,False,0.4577207,0.13113917,0.054666944,0.35647324
Mimicry is a strategy that has evolved through natural selection to increase the fitness of organisms to their environment. Which of the following represents a form of Batesian mimicry?,A type of millipede that is toxic to a toad is permanently avoided by the toad following the toad's initial attempt to consume it.,A moth exhibits false eyes at its tail end in order to disorient predators.,A moth exhibits nearly identical coloration to that of a stinging bee.,A ground-nesting gull chick displays a coloration pattern that is nearly indistinguishable from its surroundings.,C,False,0.4805122,0.3302509,0.09461846,0.09461846
Keystone species are thought to have profound effects on the structure and composition of ecological communities because they,tend to reduce diversity by eliminating food resources for other species,provide the foundation for food webs,are more abundant than most other species in their communities,can prevent superior competitors from driving inferior competitors to local extinction,D,False,0.43871173,0.38716173,0.076236665,0.09788982
Which of the following is a reason that geneticists use mitochondrial DNA (mtDNA) to study the relatedness of animal populations?,mtDNA mutates at a slower rate than nuclear DNA.,mtDNA is passed from mother to child and is free from recombination that occurs between pairs of chromosomes.,"There are few single nucleotide polymorphisms in the hypervariable, noncoding regions.",All mitochondrial proteins are coded for by mitochondrial genes.,B,False,0.5212628,0.4059599,0.017836632,0.054940697
"A quote from a natural resources text states: ""Whenever the original ecosystem becomes restructured by man, it tends to become simplified, with a resultant disruption of the stabilizing influences of density-dependent regulatory factors."" This implies that in a disturbed ecosystem",there exist large populations of a low number of species,population levels of a species are kept at equilibrium through natural regulatory mechanisms,a given prey organism is subject to higher predation rates by more diverse predators,a given prey organism is less likely to undergo a population surge,A,True,0.52809775,0.3203075,0.03376016,0.11783454
"A female fruit fly bearing linked genes that produce the phenotype gray body and normal wings mates with a male fruit fly of phenotype black body and vestigial wings. The presence of gray-bodied, vestigialwinged flies among the progeny is best explained by",crossing over,independent assortment,segregation of alleles,penetrance,A,True,0.5940327,0.17019323,0.13254662,0.10322741
Which of the following active pools of carbon is the largest on Earth and contributes the most to carbon cycling?,The atmosphere,Rain-forest vegetation,Recoverable fossil fuels,The oceans,D,False,0.43095013,0.1585377,0.0748879,0.3356243
Charles Darwin's proposed conditions for natural selection encompass all of the following with regard to a given population EXCEPT,"inheritance of both ""fit"" and ""unfit"" genes",differential survival and reproductive success,competition for limited resources,overproduction of offspring,A,True,0.50401556,0.3464045,0.022144899,0.12743509
Which of the following is a correct statement about the cohesion-tension theory for the ascent of water in the xylem?,The evaporation of water from leaf mesophyll cells generates tension in the water column.,Water moves from a source region with high hydrostatic pressure to a sink region with low hydrostatic pressure.,The cohesion of water molecules is responsible for the formation of embolisms (air bubbles) in the water column.,Living cells of the xylem provide the main conduit for an ascent of water.,A,True,0.46042386,0.2792612,0.042826094,0.21748883
"In fungi, cell walls are reinforced by which of the following?",Chitin,Silica,Lignin,Collagen fibers,A,True,0.30758184,0.30758184,0.14529137,0.23954497
"In plants, proton pumps are involved in the process of loading sugars into the phloem for transport. Which of the following is true about this process?",It is passive.,It depends on DNA.,It requires ATP.,It translocates starch.,C,False,0.28421363,0.2213458,0.17238429,0.32205623
Which of the following characteristics is predicted for an early-successional plant community?,High niche divergence among co-occurring species,High ratios of primary production to standing-crop biomass,High frequency of K-selected species,High detrital biomass,B,False,0.7156481,0.14091948,0.019071376,0.12436099
Which of the following is the symplastic pathway for the movement of sucrose from the site of photosynthesis in mesophyll cells into the phloem?,"Fibers, phloem parenchyma, companion cell, sieve tube","Phloem parenchyma, fibers, bundle sheath, tracheids","Companion cells, phloem parenchyma, fibers, sieve tube","Bundle sheath, phloem parenchyma, companion cell, sieve tube",D,False,0.56306434,0.07620247,0.05934654,0.30138662
