version https://git-lfs.github.com/spec/v1
oid sha256:8fd6e8c5938216a8effaaca12772c4a17581de0f73a97d42d324c38deca038c7
size 29979
